[38;2;34;28;72m.[38;2;45;38;90m.[38;2;76;66;124m:[38;2;144;137;156m=[38;2;157;154;161m+[38;2;155;172;179m+[38;2;77;109;153m-[38;2;125;144;170m=[38;2;94;148;171m=[38;2;92;148;174m=[38;2;101;160;175m+[38;2;98;159;177m+[38;2;99;160;181m+[38;2;97;157;182m+[38;2;118;184;191m+[38;2;108;173;187m+[38;2;119;186;192m+[38;2;109;179;191m+[38;2;89;157;180m=[38;2;116;183;191m+[38;2;119;192;197m*[38;2;170;167;178m+[38;2;170;169;184m*[38;2;95;167;186m+[38;2;85;155;190m=[38;2;116;187;194m+[38;2;120;195;198m*[38;2;100;169;186m+[38;2;64;127;180m=[38;2;126;186;198m+[38;2;132;183;192m+[38;2;70;143;178m=[38;2;98;168;193m+[38;2;129;204;205m*[38;2;109;133;163m=[38;2;103;95;128m-[38;2;135;139;132m=[38;2;132;134;127m=[38;2;137;135;126m=[38;2;68;100;142m-[38;2;77;139;171m=[38;2;105;168;170m+[38;2;133;181;184m+[38;2;130;153;171m+[38;2;81;132;171m=[38;2;62;95;120m-[38;2;43;59;88m:[38;2;26;39;61m.[38;2;0;2;21m [38;2;4;7;27m [0m
[38;2;41;38;82m.[38;2;62;55;117m:[38;2;137;126;167m=[38;2;170;169;179m*[38;2;192;192;199m*[38;2;155;175;187m*[38;2;78;116;159m-[38;2;81;124;171m=[38;2;113;176;186m+[38;2;110;177;193m+[38;2;103;164;191m+[38;2;109;171;192m+[38;2;137;209;211m*[38;2;100;166;191m+[38;2;112;180;198m+[38;2;131;203;210m*[38;2;110;182;197m+[38;2;141;193;202m*[38;2;122;179;197m+[38;2;89;157;192m=[38;2;106;184;199m+[38;2;152;170;184m+[38;2;248;226;237m%[38;2;184;210;211m#[38;2;97;170;193m+[38;2;136;166;193m+[38;2;167;206;210m*[38;2;143;212;215m*[38;2;87;138;185m=[38;2;173;211;224m#[38;2;139;199;209m*[38;2;92;165;196m+[38;2;107;177;199m+[38;2;145;220;218m*[38;2;105;142;171m=[38;2;145;105;160m=[38;2;148;124;138m=[38;2;159;158;140m+[38;2;155;152;133m+[38;2;116;136;148m=[38;2;79;136;188m=[38;2;91;148;175m=[38;2;118;183;184m+[38;2;171;197;201m*[38;2;116;150;179m+[38;2;72;118;158m-[38;2;31;51;82m.[38;2;72;93;124m-[38;2;71;76;109m:[38;2;60;63;100m:[0m
[38;2;45;45;99m.[38;2;93;85;148m-[38;2;157;151;182m+[38;2;191;192;206m*[38;2;197;218;215m#[38;2;159;185;203m*[38;2;53;104;169m-[38;2;78;136;191m=[38;2;110;181;194m+[38;2;121;187;199m+[38;2;112;169;196m+[38;2;61;128;187m=[38;2;96;154;190m=[38;2;145;209;218m*[38;2;115;170;194m+[38;2;152;202;213m*[38;2;144;211;219m*[38;2;129;174;198m+[38;2;151;217;220m*[38;2;111;188;211m+[38;2;95;172;209m+[38;2;132;181;198m+[38;2;216;203;214m#[38;2;232;222;229m#[38;2;182;200;207m*[38;2;163;171;193m*[38;2;213;191;214m#[38;2;166;177;206m*[38;2;103;134;186m=[38;2;165;190;211m*[38;2;148;217;225m*[38;2;121;197;209m*[38;2;133;209;216m*[38;2;136;217;220m*[38;2;92;131;177m=[38;2;118;96;163m-[38;2;111;75;139m-[38;2;104;108;147m-[38;2;85;91;154m-[38;2;59;80;145m:[38;2;88;141;193m=[38;2;80;138;194m=[38;2;98;165;192m+[38;2;145;206;204m*[38;2;179;195;205m*[38;2;84;138;181m=[38;2;49;78;128m:[38;2;88;99;151m-[38;2;181;186;211m*[38;2;149;145;180m+[0m
[38;2;35;37;83m.[38;2;38;39;91m.[38;2;164;158;189m+[38;2;188;211;212m#[38;2;151;209;201m*[38;2;157;183;209m*[38;2;50;105;181m-[38;2;84;143;202m=[38;2;113;182;208m+[38;2;114;180;207m+[38;2;147;201;216m*[38;2;132;200;221m*[38;2;65;124;191m=[38;2;153;164;197m+[38;2;168;182;198m*[38;2;150;156;186m+[38;2;158;177;200m*[38;2;178;170;197m*[38;2;212;215;223m#[38;2;163;223;222m#[38;2;111;188;211m+[38;2;115;158;194m+[38;2;169;162;196m+[38;2;160;160;197m+[38;2;80;108;171m-[38;2;50;102;176m-[38;2;43;109;180m-[38;2;94;132;189m=[38;2;201;199;228m#[38;2;174;213;223m#[38;2;100;174;211m+[38;2;128;199;218m*[38;2;150;227;225m#[38;2;116;195;215m*[38;2;92;151;193m=[38;2;134;159;194m+[38;2;128;152;213m+[38;2;105;125;227m=[38;2;130;142;222m+[38;2;69;90;177m-[38;2;84;134;189m=[38;2;117;185;222m+[38;2;66;124;198m=[38;2;102;174;194m+[38;2;190;226;225m#[38;2;147;179;209m*[38;2;62;112;161m-[38;2;50;63;113m:[38;2;96;115;158m=[38;2;108;110;166m=[0m
[38;2;13;24;62m [38;2;126;133;158m=[38;2;177;186;201m*[38;2;109;161;177m+[38;2;154;225;223m#[38;2;132;181;211m+[38;2;55;114;197m-[38;2;76;133;209m=[38;2;90;145;183m=[38;2;119;184;209m+[38;2;79;138;189m=[38;2;167;215;229m#[38;2;181;223;231m#[38;2;68;91;149m-[38;2;140;139;187m+[38;2;166;176;209m*[38;2;58;106;167m-[38;2;60;137;187m=[38;2;217;227;232m#[38;2;228;229;232m%[38;2;197;219;223m#[38;2;174;178;194m*[38;2;255;251;255m%[38;2;255;255;255m@[38;2;207;225;235m#[38;2;153;212;226m*[38;2;172;229;237m#[38;2;200;235;239m#[38;2;238;233;228m%[38;2;157;173;193m*[38;2;83;155;207m=[38;2;150;228;231m#[38;2;124;202;211m*[38;2;94;172;209m+[38;2;153;200;216m*[38;2;160;158;227m+[38;2;60;83;230m-[38;2;131;143;231m+[38;2;229;228;240m%[38;2;123;130;200m=[38;2;77;114;181m-[38;2;152;231;234m#[38;2;106;174;221m+[38;2;49;110;195m-[38;2;139;201;214m*[38;2;209;227;236m#[38;2;101;154;196m+[38;2;38;68;116m:[38;2;69;95;144m-[38;2;90;102;161m-[0m
[38;2;126;138;163m=[38;2;171;181;195m*[38;2;51;73;113m:[38;2;131;199;212m*[38;2;153;229;227m#[38;2;109;183;214m+[38;2;77;138;221m=[38;2;67;121;204m=[38;2;47;75;136m:[38;2;65;99;141m-[38;2;64;106;164m-[38;2;103;165;224m+[38;2;129;187;225m*[38;2;80;135;194m=[38;2;81;99;154m-[38;2;230;222;222m#[38;2;223;243;243m%[38;2;185;230;237m#[38;2;215;229;234m#[38;2;254;254;254m%[38;2;245;243;245m%[38;2;237;237;238m%[38;2;253;250;253m%[38;2;252;249;253m%[38;2;255;255;255m@[38;2;255;254;253m%[38;2;255;255;255m@[38;2;251;249;248m%[38;2;224;221;220m#[38;2;158;172;196m*[38;2;123;202;216m*[38;2;148;238;228m#[38;2;124;140;209m+[38;2;137;158;208m+[38;2;160;194;207m*[38;2;227;202;236m#[38;2;87;92;219m-[38;2;169;165;233m*[38;2;221;213;231m#[38;2;180;186;222m*[38;2;150;174;209m*[38;2;127;207;223m*[38;2;155;232;231m#[38;2;100;163;215m+[38;2;58;125;192m-[38;2;185;231;233m#[38;2;186;216;234m#[38;2;53;95;153m-[38;2;56;78;129m:[38;2;87;108;165m-[0m
[38;2;197;202;222m#[38;2;99;99;155m-[38;2;93;116;164m=[38;2;152;230;233m#[38;2;141;218;222m*[38;2;96;168;213m+[38;2;83;149;224m=[38;2;73;124;207m=[38;2;74;101;166m-[38;2;32;54;100m.[38;2;44;72;126m:[38;2;96;151;219m+[38;2;99;165;216m+[38;2;105;180;229m+[38;2;74;135;209m=[38;2;91;108;166m-[38;2;210;210;221m#[38;2;255;255;253m%[38;2;255;255;255m@[38;2;255;255;255m@[38;2;255;255;255m@[38;2;255;255;255m@[38;2;249;249;247m%[38;2;251;251;250m%[38;2;255;255;255m@[38;2;255;255;255m@[38;2;255;255;253m%[38;2;236;232;237m%[38;2;200;194;212m*[38;2;155;172;192m+[38;2;172;236;228m#[38;2;107;149;201m+[38;2;184;102;228m=[38;2;179;189;221m*[38;2;171;179;208m*[38;2;216;221;241m#[38;2;98;118;214m=[38;2;124;111;215m=[38;2;164;141;223m+[38;2;144;144;223m+[38;2;124;150;203m+[38;2;126;203;221m*[38;2;150;229;232m#[38;2;153;219;223m#[38;2;59;110;185m-[38;2;92;156;210m+[38;2;213;249;245m%[38;2;125;157;195m+[38;2;70;86;147m-[38;2;91;118;179m=[0m
[38;2;199;191;225m*[38;2;216;191;237m#[38;2;151;188;217m*[38;2;150;232;231m#[38;2;129;204;217m*[38;2;88;160;215m+[38;2;87;158;224m+[38;2;83;131;217m=[38;2;88;112;188m=[38;2;50;68;112m:[38;2;40;60;108m:[38;2;85;135;202m=[38;2;81;131;198m=[38;2;114;161;197m+[38;2;132;211;239m*[38;2;89;159;225m+[38;2;67;112;188m-[38;2;91;106;158m-[38;2;137;142;167m+[38;2;158;162;182m+[38;2;188;192;215m*[38;2;226;228;243m%[38;2;239;238;246m%[38;2;239;238;243m%[38;2;223;221;235m#[38;2;179;179;214m*[38;2;167;158;201m+[38;2;201;180;215m*[38;2;189;162;196m*[38;2;209;183;201m*[38;2;149;186;207m*[38;2;111;126;201m=[38;2;146;121;212m=[38;2;146;156;220m+[38;2;226;222;242m#[38;2;130;146;214m+[38;2;172;172;234m*[38;2;116;116;203m=[38;2;49;50;146m:[38;2;65;81;165m-[38;2;60;87;163m-[38;2;134;206;226m*[38;2;144;227;228m#[38;2;170;224;227m#[38;2;127;148;202m+[38;2;56;109;206m-[38;2;131;191;223m*[38;2;218;240;238m%[38;2;102;112;174m=[38;2;100;130;200m=[0m
[38;2;191;168;228m*[38;2;196;188;218m*[38;2;149;214;225m*[38;2;150;230;230m#[38;2;111;184;211m+[38;2;88;157;220m+[38;2;95;166;227m+[38;2;78;127;202m=[38;2;82;113;177m-[38;2;67;93;134m-[38;2;46;71;112m:[38;2;65;101;154m-[38;2;102;138;219m=[38;2;166;151;222m+[38;2;132;159;210m+[38;2;133;200;226m*[38;2;127;200;230m*[38;2;82;122;186m=[38;2;58;71;132m:[38;2;24;32;87m.[38;2;36;42;113m.[38;2;95;94;171m-[38;2;102;99;168m-[38;2;109;106;174m=[38;2;166;165;212m*[38;2;146;153;216m+[38;2;115;120;200m=[38;2;190;171;205m*[38;2;228;202;215m#[38;2;169;174;196m*[38;2;171;188;221m*[38;2;216;229;245m%[38;2;162;186;213m*[38;2;148;149;197m+[38;2;211;208;230m#[38;2;205;201;226m#[38;2;197;183;222m*[38;2;168;161;220m+[38;2;78;84;162m-[38;2;74;91;167m-[38;2;88;109;181m-[38;2;132;203;223m*[38;2;147;227;229m#[38;2;192;230;237m#[38;2;181;197;219m*[38;2;96;149;219m=[38;2;63;134;211m=[38;2;188;233;237m#[38;2;185;191;213m*[38;2;85;105;179m-[0m
[38;2;103;112;174m=[38;2;186;206;227m#[38;2;151;229;233m#[38;2;143;221;223m*[38;2;93;165;210m+[38;2;92;163;223m+[38;2;86;157;218m+[38;2;78;132;205m=[38;2;89;135;181m=[38;2;80;130;161m=[38;2;69;121;147m-[38;2;73;112;150m-[38;2;93;132;203m=[38;2;137;128;220m=[38;2;103;88;193m-[38;2;73;76;172m-[38;2;156;166;222m+[38;2;143;156;201m+[38;2;116;131;171m=[38;2;162;170;192m*[38;2;184;181;199m*[38;2;152;156;182m+[38;2;142;158;205m+[38;2;142;153;220m+[38;2;124;144;209m+[38;2;141;155;206m+[38;2;177;191;219m*[38;2;222;231;240m%[38;2;211;220;234m#[38;2;198;210;229m#[38;2;216;225;240m#[38;2;216;222;236m#[38;2;176;194;211m*[38;2;215;223;228m#[38;2;253;255;255m%[38;2;253;255;255m%[38;2;249;254;254m%[38;2;250;251;252m%[38;2;225;223;233m#[38;2;145;151;204m+[38;2;153;164;220m+[38;2;140;207;225m*[38;2;158;230;236m#[38;2;195;226;234m#[38;2;160;169;214m*[38;2;98;160;214m+[38;2;70;141;214m=[38;2;83;150;211m=[38;2;221;248;243m%[38;2;125;141;181m=[0m
[38;2;142;171;191m+[38;2;197;237;243m#[38;2;144;225;228m#[38;2;129;207;218m*[38;2;83;157;212m=[38;2;95;169;222m+[38;2;67;135;209m=[38;2;123;166;228m+[38;2;103;144;192m=[38;2;74;126;154m=[38;2;83;136;160m=[38;2;76;124;148m-[38;2;69;113;152m-[38;2;80;106;166m-[38;2;97;113;179m=[38;2;108;119;197m=[38;2;168;156;223m+[38;2;200;192;222m*[38;2;246;231;235m%[38;2;241;235;239m%[38;2;213;228;239m#[38;2;127;161;195m+[38;2;134;156;210m+[38;2;123;155;204m+[38;2;108;165;209m+[38;2;97;142;200m=[38;2;106;139;196m=[38;2;199;215;231m#[38;2;201;217;231m#[38;2;201;215;231m#[38;2;180;197;219m*[38;2;122;159;194m+[38;2;180;186;200m*[38;2;235;218;223m#[38;2;239;225;231m%[38;2;236;219;226m#[38;2;240;223;230m%[38;2;255;248;250m%[38;2;243;245;245m%[38;2;136;140;202m+[38;2;96;124;205m=[38;2;130;203;220m*[38;2;175;239;242m#[38;2;190;214;230m#[38;2;74;104;191m-[38;2;85;157;216m+[38;2;98;167;220m+[38;2;61;127;211m=[38;2;128;186;223m*[38;2;224;242;242m%[0m
[38;2;200;217;230m#[38;2;171;234;236m#[38;2;141;224;222m#[38;2;106;181;208m+[38;2;87;161;220m+[38;2;82;152;223m=[38;2;59;111;180m-[38;2;75;119;155m-[38;2;83;126;168m=[38;2;70;122;144m-[38;2;82;137;158m=[38;2;75;135;152m=[38;2;68;125;146m-[38;2;61;118;138m-[38;2;73;116;145m-[38;2;91;121;181m=[38;2;137;158;203m+[38;2;208;212;227m#[38;2;192;187;208m*[38;2;182;193;215m*[38;2;188;201;226m#[38;2;174;190;214m*[38;2;185;196;219m*[38;2;145;184;206m*[38;2;141;220;227m*[38;2;116;194;213m*[38;2;135;166;207m+[38;2;155;180;204m*[38;2;158;196;211m*[38;2;163;196;216m*[38;2;143;174;215m+[38;2;121;158;211m+[38;2;170;182;202m*[38;2;254;239;238m%[38;2;225;180;195m*[38;2;226;180;197m*[38;2;218;160;182m*[38;2;248;243;242m%[38;2;187;186;206m*[38;2;198;185;220m*[38;2;105;137;211m=[38;2;114;190;218m*[38;2;195;248;244m%[38;2;160;185;215m*[38;2;63;108;203m-[38;2;100;172;225m+[38;2;142;217;227m*[38;2;99;168;220m+[38;2;88;129;192m=[38;2;191;224;227m#[0m
[38;2;222;241;244m%[38;2;156;228;230m#[38;2;133;213;216m*[38;2;87;160;205m+[38;2;81;147;222m=[38;2;67;122;212m=[38;2;61;107;149m-[38;2;77;126;159m=[38;2;78;131;158m=[38;2;68;122;142m-[38;2;69;127;148m-[38;2;72;132;149m=[38;2;64;123;136m-[38;2;102;128;150m=[38;2;138;130;153m=[38;2;107;113;141m=[38;2;138;153;177m+[38;2;164;166;191m+[38;2;213;211;219m#[38;2;230;227;229m%[38;2;228;223;224m#[38;2;240;235;233m%[38;2;218;204;206m#[38;2;154;160;185m+[38;2;128;178;206m+[38;2;171;201;216m*[38;2;216;226;240m#[38;2;186;204;221m#[38;2;191;207;227m#[38;2;196;202;222m#[38;2;190;192;210m*[38;2;136;162;193m+[38;2;137;180;200m+[38;2;177;217;223m#[38;2;184;218;225m#[38;2;207;222;227m#[38;2;232;229;232m%[38;2;205;186;216m*[38;2;182;170;211m*[38;2;182;170;221m*[38;2;74;116;206m=[38;2;122;199;217m*[38;2;205;249;244m%[38;2;174;192;220m*[38;2;78;120;201m=[38;2;100;175;214m+[38;2;146;228;223m#[38;2;166;221;226m#[38;2;190;163;222m*[38;2;152;156;207m+[0m
[38;2;212;240;242m%[38;2;149;226;225m#[38;2;110;186;210m+[38;2;71;137;210m=[38;2;70;127;217m=[38;2;73;119;188m-[38;2;78;125;152m=[38;2;84;130;171m=[38;2;76;123;147m-[38;2;68;113;138m-[38;2;71;121;142m-[38;2;69;125;144m-[38;2;64;108;133m-[38;2;140;151;171m+[38;2;135;148;161m+[38;2;195;203;209m#[38;2;255;253;251m%[38;2;252;241;240m%[38;2;247;236;237m%[38;2;243;233;233m%[38;2;246;241;240m%[38;2;216;205;212m#[38;2;196;178;194m*[38;2;197;194;210m*[38;2;209;204;214m#[38;2;228;221;226m#[38;2;197;204;215m#[38;2;217;227;242m#[38;2;187;192;211m*[38;2;158;140;152m+[38;2;164;142;157m+[38;2;138;128;147m=[38;2;88;103;136m-[38;2;76;105;143m-[38;2;81;118;160m-[38;2;79;117;168m-[38;2;89;123;169m=[38;2;145;139;208m+[38;2;204;188;236m*[38;2;143;150;211m+[38;2;63;121;209m=[38;2;135;211;223m*[38;2;206;245;242m%[38;2;181;193;216m*[38;2;99;145;204m=[38;2;109;188;217m+[38;2;153;230;227m#[38;2;195;229;231m#[38;2;117;114;198m=[38;2;104;93;194m-[0m
[38;2;187;234;235m#[38;2;138;219;221m*[38;2;73;142;208m=[38;2;63;121;212m=[38;2;82;141;221m=[38;2;89;139;183m=[38;2;98;147;185m=[38;2;93;140;179m=[38;2;123;161;212m+[38;2;121;148;203m+[38;2;123;139;169m=[38;2;146;153;173m+[38;2;126;127;155m=[38;2;95;125;152m=[38;2;100;138;163m=[38;2;121;164;186m+[38;2;135;185;205m*[38;2;171;214;226m#[38;2;205;228;233m#[38;2;202;203;217m#[38;2;174;181;205m*[38;2;235;216;223m#[38;2;245;234;237m%[38;2;244;247;246m%[38;2;228;233;236m%[38;2;235;240;241m%[38;2;185;194;207m*[38;2;164;190;223m*[38;2;155;157;186m+[38;2;155;143;154m+[38;2;114;118;137m=[38;2;107;114;134m=[38;2;107;117;140m=[38;2;99;110;140m-[38;2;92;103;138m-[38;2;82;93;140m-[38;2;63;78;141m:[38;2;82;95;165m-[38;2;205;185;231m*[38;2;118;141;217m+[38;2;63;125;214m=[38;2;144;217;225m*[38;2;216;245;243m%[38;2;167;187;211m*[38;2;94;149;207m=[38;2;129;205;224m*[38;2;168;233;236m#[38;2;184;212;225m#[38;2;71;101;175m-[38;2;83;113;190m-[0m
[38;2;166;232;228m#[38;2;102;177;213m+[38;2;56;112;208m-[38;2;90;145;227m=[38;2;80;132;197m=[38;2;60;103;138m-[38;2;61;103;131m-[38;2;75;112;159m-[38;2;109;128;206m=[38;2;131;136;184m=[38;2;169;151;169m+[38;2;184;160;174m+[38;2;156;145;162m+[38;2;84;97;131m-[38;2;83;97;134m-[38;2;83;97;136m-[38;2;74;94;142m-[38;2;69;101;152m-[38;2;96;150;191m=[38;2;94;157;198m+[38;2;115;177;211m+[38;2;147;184;208m*[38;2;125;166;193m+[38;2;114;148;174m=[38;2;109;137;167m=[38;2;92;121;159m=[38;2;90;118;157m=[38;2;87;115;157m-[38;2;104;116;154m=[38;2;98;108;143m-[38;2;98;112;136m-[38;2;109;119;141m=[38;2;103;113;141m-[38;2;90;104;144m-[38;2;93;108;147m-[38;2;84;98;146m-[38;2;62;76;141m:[38;2;56;70;135m:[38;2;137;148;194m+[38;2;90;131;221m=[38;2;73;135;211m=[38;2;153;226;229m#[38;2;215;240;240m%[38;2;138;165;212m+[38;2;102;169;216m+[38;2;142;221;227m*[38;2;184;238;240m#[38;2;167;196;217m*[38;2;81;108;183m-[38;2;101;129;203m=[0m
[38;2;128;204;214m*[38;2;57;120;202m-[38;2;82;144;222m=[38;2;93;155;208m+[38;2;71;122;166m-[38;2;70;123;142m-[38;2;82;129;158m=[38;2;80;113;161m-[38;2;57;73;142m:[38;2;102;103;145m-[38;2;191;171;182m*[38;2;148;138;154m+[38;2;103;113;133m-[38;2;104;118;141m=[38;2;99;114;144m-[38;2;90;108;148m-[38;2;94;110;151m-[38;2;76;90;139m-[38;2;69;81;135m:[38;2;151;156;183m+[38;2;135;140;169m+[38;2;91;97;142m-[38;2;117;116;150m=[38;2;145;136;157m=[38;2;122;119;147m=[38;2;90;101;139m-[38;2;84;99;142m-[38;2;86;101;144m-[38;2;88;105;146m-[38;2;83;100;145m-[38;2;96;109;139m-[38;2;110;121;142m=[38;2;102;115;141m=[38;2;87;104;145m-[38;2;87;104;150m-[38;2;82;96;149m-[38;2;102;109;164m-[38;2;184;176;218m*[38;2;148;166;223m+[38;2;55;109;215m-[38;2;91;156;217m+[38;2;166;238;235m#[38;2;214;226;235m#[38;2;108;145;196m=[38;2;117;197;220m*[38;2;140;221;225m*[38;2;198;242;242m%[38;2;140;180;215m*[38;2;110;138;206m=[38;2;125;137;202m=[0m
[38;2;68;132;198m=[38;2;68;131;215m=[38;2;96;161;217m+[38;2;82;122;174m=[38;2;101;133;178m=[38;2;100;119;175m=[38;2;70;88;151m-[38;2;64;78;137m:[38;2;63;75;137m:[38;2;155;143;171m+[38;2;198;175;187m*[38;2;143;139;156m+[38;2;99;110;131m-[38;2;108;119;141m=[38;2;110;120;142m=[38;2;104;116;144m=[38;2;95;110;149m-[38;2;90;106;147m-[38;2;88;102;139m-[38;2;159;143;158m+[38;2;194;167;173m*[38;2;187;164;172m*[38;2;160;147;157m+[38;2;116;120;139m=[38;2;106;116;138m=[38;2;110;119;141m=[38;2;105;117;144m=[38;2;105;118;146m=[38;2;94;109;144m-[38;2;90;105;144m-[38;2;98;113;142m-[38;2;86;97;139m-[38;2;87;100;140m-[38;2;81;93;145m-[38;2;57;67;135m:[38;2;74;85;151m-[38;2;206;181;233m*[38;2;212;175;235m*[38;2;97;134;210m=[38;2;55;115;217m-[38;2;102;169;216m+[38;2;180;242;237m#[38;2;203;206;220m#[38;2;101;150;200m=[38;2;132;213;228m*[38;2;135;218;223m*[38;2;211;244;243m%[38;2;128;165;220m+[38;2;53;101;183m-[38;2;89;128;177m=[0m
[38;2;64;121;203m-[38;2;100;166;222m+[38;2;78;109;177m-[38;2;145;150;211m+[38;2;156;160;207m+[38;2;98;104;176m-[38;2;81;96;153m-[38;2;80;95;148m-[38;2;75;82;142m-[38;2;168;157;176m+[38;2;137;136;151m=[38;2;106;116;135m=[38;2;110;121;140m=[38;2;110;121;141m=[38;2;111;122;142m=[38;2;109;121;142m=[38;2;95;110;138m-[38;2;81;97;133m-[38;2;82;104;150m-[38;2;94;126;189m=[38;2;147;142;168m+[38;2;185;163;171m*[38;2;116;118;139m=[38;2;98;110;134m-[38;2;106;117;139m=[38;2;107;118;140m=[38;2;109;119;141m=[38;2;112;122;141m=[38;2;95;109;139m-[38;2;80;95;140m-[38;2;105;122;145m=[38;2;106;122;145m=[38;2;99;113;146m-[38;2;79;96;145m-[38;2;57;72;135m:[38;2;110;117;184m=[38;2;123;110;214m=[38;2;88;95;198m-[38;2;88;154;216m=[38;2;58;114;213m-[38;2;118;192;223m*[38;2;200;243;238m%[38;2;171;181;205m*[38;2;89;163;212m+[38;2;140;219;232m*[38;2;136;214;219m*[38;2;211;238;238m%[38;2;114;159;226m+[38;2;52;95;166m-[38;2;65;101;147m-[0m
[38;2;100;165;221m+[38;2;70;113;165m-[38;2;49;65;126m:[38;2;65;85;162m-[38;2;53;70;139m:[38;2;76;94;144m-[38;2;88;106;145m-[38;2;69;89;140m-[38;2;107;112;157m=[38;2;142;142;156m+[38;2;94;105;132m-[38;2;86;95;139m-[38;2;92;101;142m-[38;2;93;104;143m-[38;2;92;104;144m-[38;2;84;98;138m-[38;2;95;107;157m-[38;2;99;125;184m=[38;2;107;163;219m+[38;2;105;165;228m+[38;2;75;111;179m-[38;2;120;115;146m=[38;2;119;123;142m=[38;2;105;117;138m=[38;2;108;119;140m=[38;2;108;119;141m=[38;2;108;119;141m=[38;2;106;118;142m=[38;2;89;102;142m-[38;2;97;110;148m-[38;2;81;93;144m-[38;2;85;98;146m-[38;2;82;97;148m-[38;2;90;92;164m-[38;2;180;158;220m*[38;2;237;213;253m#[38;2;188;170;233m*[38;2;116;157;213m+[38;2;79;150;218m=[38;2;63;124;212m=[38;2;140;214;225m*[38;2;211;235;236m%[38;2;113;152;197m+[38;2;100;181;216m+[38;2;138;218;220m*[38;2;142;215;220m*[38;2;194;221;226m#[38;2;83;140;203m=[38;2;68;113;180m-[38;2;59;91;146m-[0m
[38;2;86;138;194m=[38;2;35;58;107m:[38;2;78;101;164m-[38;2;90;105;168m-[38;2;59;70;133m:[38;2;78;92;141m-[38;2;91;106;143m-[38;2;71;86;134m-[38;2;105;114;144m=[38;2;110;119;140m=[38;2;108;118;140m=[38;2;82;93;139m-[38;2;70;81;145m-[38;2;82;92;151m-[38;2;73;84;141m-[38;2;100;111;169m=[38;2;148;162;231m+[38;2;105;163;217m+[38;2;128;201;227m*[38;2;120;189;225m*[38;2;105;164;219m+[38;2;69;86;143m-[38;2;89;101;135m-[38;2;102;115;140m=[38;2;106;116;140m=[38;2;109;119;141m=[38;2;105;117;141m=[38;2;71;80;139m:[38;2;86;97;149m-[38;2;107;118;149m=[38;2;60;69;145m:[38;2;61;70;150m:[38;2;55;65;143m:[38;2;68;63;147m:[38;2;108;91;177m-[38;2;111;93;181m-[38;2;131;131;193m=[38;2;121;187;221m*[38;2;76;146;218m=[38;2;76;145;214m=[38;2;173;234;234m#[38;2;188;214;225m#[38;2;72;142;197m=[38;2;123;200;215m*[38;2;131;211;213m*[38;2;158;217;220m#[38;2;169;199;213m*[38;2;73;139;193m=[38;2;79;129;194m=[38;2;62;94;151m-[0m
[38;2;31;56;104m.[38;2;47;68;126m:[38;2;115;118;183m=[38;2;193;193;214m*[38;2;74;80;133m:[38;2;124;121;155m=[38;2;140;141;155m+[38;2;104;113;133m-[38;2;101;111;135m-[38;2;105;115;138m=[38;2;107;117;138m=[38;2;107;117;140m=[38;2;102;113;144m-[38;2;101;110;150m-[38;2;71;82;140m-[38;2;150;158;209m+[38;2;143;178;215m*[38;2;131;205;217m*[38;2;151;225;230m#[38;2;139;215;231m*[38;2;100;158;201m+[38;2;86;95;140m-[38;2;105;107;150m-[38;2;104;108;146m-[38;2;97;107;135m-[38;2;107;119;141m=[38;2;108;119;141m=[38;2;95;104;140m-[38;2;105;115;147m=[38;2;82;94;140m-[38;2;83;95;146m-[38;2;73;85;145m-[38;2;61;70;151m:[38;2;66;75;170m:[38;2;53;66;149m:[38;2;39;50;115m.[38;2;91;131;178m=[38;2;105;174;222m+[38;2;80;146;208m=[38;2;97;171;209m+[38;2;181;234;231m#[38;2;138;180;206m*[38;2;74;148;198m=[38;2;134;204;211m*[38;2;121;198;202m*[38;2;178;216;219m#[38;2;131;171;189m+[38;2;72;140;191m=[38;2;70;123;190m=[38;2;57;78;149m:[0m
[38;2;29;46;91m.[38;2;59;76;129m:[38;2;98;82;153m-[38;2;190;183;213m*[38;2;128;128;164m=[38;2;151;137;151m+[38;2;114;112;123m=[38;2;95;102;119m-[38;2;101;109;127m-[38;2;105;111;133m-[38;2;102;110;133m-[38;2;94;108;133m-[38;2;85;98;131m-[38;2;44;57;100m:[38;2;76;87;138m-[38;2;174;191;217m*[38;2;112;159;173m+[38;2;118;173;186m+[38;2;134;179;190m+[38;2;146;212;222m*[38;2;119;191;220m*[38;2;101;129;165m=[38;2;160;145;159m+[38;2;142;136;152m=[38;2;126;127;145m=[38;2;109;117;138m=[38;2;107;118;140m=[38;2;113;125;142m=[38;2;93;102;135m-[38;2;73;85;134m-[38;2;98;114;139m-[38;2;82;96;151m-[38;2;103;109;193m=[38;2;188;188;233m*[38;2;192;193;235m*[38;2;173;179;216m*[38;2;108;160;203m+[38;2;87;155;209m=[38;2;80;147;196m=[38;2;115;188;204m+[38;2;172;216;218m#[38;2;87;145;182m=[38;2;89;161;194m+[38;2;130;198;201m*[38;2;119;189;194m+[38;2;179;204;206m*[38;2;90;141;167m=[38;2;73;131;179m=[38;2;56;108;174m-[38;2;79;95;164m-[0m
[38;2;54;69;110m:[38;2;40;48;99m.[38;2;90;72;150m-[38;2;174;166;197m*[38;2;128;144;180m+[38;2;113;103;138m-[38;2;120;114;121m=[38;2;83;91;106m-[38;2;85;93;117m-[38;2;81;88;122m-[38;2;71;82;125m:[38;2;66;88;135m-[38;2;43;68;114m:[38;2;19;38;85m.[38;2;103;112;156m=[38;2;139;168;188m+[38;2;102;149;167m=[38;2;113;154;171m+[38;2;125;179;191m+[38;2;139;209;216m*[38;2;145;218;224m*[38;2;105;158;199m+[38;2;124;120;168m=[38;2;159;145;160m+[38;2;147;135;150m=[38;2;102;106;128m-[38;2;99;107;132m-[38;2;92;99;128m-[38;2;71;78;121m:[38;2;96;107;148m-[38;2;112;129;184m=[38;2;118;136;201m=[38;2;128;143;196m+[38;2;148;149;197m+[38;2;206;198;223m#[38;2;189;205;221m#[38;2;79;140;185m=[38;2;71;141;194m=[38;2;67;132;178m=[38;2;135;198;202m*[38;2;128;178;186m+[38;2;58;123;168m-[38;2;98;164;188m+[38;2;116;182;185m+[38;2;128;183;189m+[38;2;152;176;183m+[38;2;60;117;154m-[38;2;68;123;164m-[38;2;52;102;158m-[38;2;56;75;147m:[0m
[38;2;38;50;90m.[38;2;35;42;92m.[38;2;86;76;141m-[38;2;159;156;177m+[38;2;136;158;173m+[38;2;72;68;137m:[38;2;127;120;150m=[38;2;116;119;143m=[38;2;89;94;139m-[38;2;92;92;150m-[38;2;55;59;126m:[38;2;50;68;120m:[38;2;50;73;119m:[38;2;40;64;116m:[38;2;109;125;180m=[38;2;157;194;211m*[38;2;133;193;202m*[38;2;123;186;195m+[38;2;126;190;198m*[38;2;127;194;200m*[38;2;130;200;202m*[38;2;94;151;182m=[38;2;129;144;199m+[38;2;146;153;190m+[38;2;96;100;143m-[38;2;81;84;126m-[38;2;79;82;123m-[38;2;82;86;127m-[38;2;117;123;162m=[38;2;156;163;202m+[38;2;170;180;217m*[38;2;145;157;189m+[38;2;162;178;200m*[38;2;91;105;172m-[38;2;106;114;182m=[38;2;108;136;179m=[38;2;69;129;182m=[38;2;59;125;180m-[38;2;66;124;167m-[38;2;123;188;190m+[38;2;76;138;160m=[38;2;55;119;160m-[38;2;91;155;171m=[38;2;100;165;165m+[38;2;129;171;174m+[38;2;103;136;153m=[38;2;51;106;146m-[38;2;61;113;153m-[38;2;45;93;142m:[38;2;46;71;130m:[0m